fe c1 01 13
00 11 28 23
01 71 26 23
01 61 24 23
01 41 22 23
01 31 20 23
00 90 05 93
00 00 09 93
10 00 05 17        
fe 05 05 13        
00 05 0a 93        
00 05 8b 13        

03 69 de 63        
ff f9 8a 13        
02 0a 46 63        
00 2a 12 93        
00 5a 82 b3        
00 02 a3 03    
00 42 a3 83    
00 63 dc 63        
00 0a 85 13        
00 0a 05 93        
03 00 00 ef        
ff fa 0a 13    
fd 9f f0 6f    

00 19 89 93    
fc 9f f0 6f    

00 01 29 83    
00 41 2a 03        
00 81 2b 03        
00 c1 2b 83
01 01 20 83    
01 41 01 13    
02 00 00 6f    

00 25 92 93    
00 55 02 b3        
00 02 a3 03        
00 42 a3 83        
00 72 a0 23        
00 62 a2 23        
00 00 80 67
00 00 00 13
